0101
0102
0103
0104
0105
0106
0107
0108
0109
0110
0111
0112
0201
0202
0203
0204
0205
0206
0207
0208
0209
0210
0211
0212
0301
0302
0303
0304
0305
0306
0307
0308
0309
0310
0311
0312
0401
0402
0403
0404
0405
0406
0407
0408
0409
0410
0411
0412
0501
0502
0503
0504
0505
0506
0507
0508
0509
0510
0511
0512
0601
0602
0603
0604
0605
0606
0607
0608
0609
0610
0611
0612
0701
0702
0703
0704
0705
0706
0707
0708
0709
0710
0711
0712
0801
0802
0803
0804
0805
0806
0807
0808
0809
0810
0811
0812
0901
0902
0903
0904
0905
0906
0907
0908
0909
0910
0911
0912
1001
1002
1003
1004
1005
1006
1007
1008
1009
1010
1011
1012
1101
1102
1103
1104
1105
1106
1107
1108
1109
1110
1111
1112
1201
1202
1203
1204
1205
1206
1207
1208
1209
1210
1211
1212
1301
1302
1303
1304
1305
1306
1307
1308
1309
1310
1311
1312
1401
1402
1403
1404
1405
1406
1407
1408
1409
1410
1411
1412
1501
1502
1503
1504
1505
1506
1507
1508
1509
1510
1511
1512
1601
1602
1603
1604
1605
1606
1607
1608
1609
1610
1611
1612
1701
1702
1703
1704
1705
1706
1707
1708
1709
1710
1711
1712
1801
1802
1803
1804
1805
1806
1807
1808
1809
1810
1811
1812
1901
1902
1903
1904
1905
1906
1907
1908
1909
1910
1911
1912
2001
2002
2003
2004
2005
2006
2007
2008
2009
2010
2011
2012
2101
2102
2103
2104
2105
2106
2107
2108
2109
2110
2111
2112
2201
2202
2203
2204
2205
2206
2207
2208
2209
2210
2211
2212
2301
2302
2303
2304
2305
2306
2307
2308
2309
2310
2311
2312
2401
2402
2403
2404
2405
2406
2407
2408
2409
2410
2411
2412
2501
2502
2503
2504
2505
2506
2507
2508
2509
2510
2511
2512
2601
2602
2603
2604
2605
2606
2607
2608
2609
2610
2611
2612
2701
2702
2703
2704
2705
2706
2707
2708
2709
2710
2711
2712
2801
2802
2803
2804
2805
2806
2807
2808
2809
2810
2811
2812
2901
2902
2903
2904
2905
2906
2907
2908
2909
2910
2911
2912
3001
3002
3003
3004
3005
3006
3007
3008
3009
3010
3011
3012
3101
3102
3103
3104
3105
3106
3107
3108
3109
3110
3111
3112